1.145753891185478990e+00
1.049756122471627418e+00
9.592504669445479637e-01
8.593880150529600304e-01
7.112021073506461510e-01
4.989540361679954406e-01
3.026903133257653478e-01
1.137877934868876117e-01
6.697455960373747963e-02
6.783750199139330916e-02
8.295300089853842318e-02
8.371731035685162081e-02
9.451638140643486841e-02
1.275412961615276231e-01
1.319824675659296287e-01
2.117875387942871057e-01
2.708190460975126168e-01
2.735982622652843865e-01
2.733002870013129249e-01
2.212982380324118314e-01
1.877556070234654706e-01
1.406722200813087520e-01
1.879148015890446111e-01
1.425781378424651746e-01
9.526058182963630105e-02
1.103956802481325244e-01
1.125917160862645316e-01
8.737008584774119679e-02
9.383725540158387168e-02
1.104630884628906989e-01
9.601344459485218474e-02
1.129108816168751805e-01
1.995610580384275801e-01
3.785115792482444119e-01
5.951719376925180827e-01
8.373524123688902421e-01
5.945667011988471640e-02
7.546554190041250554e-02
8.820647644577560287e-02
8.226766033015596447e-02
9.157523109017388918e-02
1.020244302851037732e-01
9.081270969521557102e-02
9.827347445394407632e-02
1.029399460218391876e-01
7.997994998178319104e-02
7.328472584151943248e-02
6.344738993104838409e-02
5.382493111593750212e-02
4.984661531732871576e-02
5.556171603484704596e-02
5.070054684957898961e-02
5.702614667520852082e-02
5.501241278017019593e-02
7.287732941888833138e-02
1.000290037691672906e-01
1.351321630752495284e-01
1.633349642509986377e-01
1.694909754388366496e-01
1.256491153781533754e-01
1.098551995870112874e-01
7.251688302435307931e-02
6.009571832774882050e-02
4.849976886287814259e-02
4.692899884524692755e-02
4.428910085735094510e-02
4.734959397375194945e-02
4.971497127768078478e-02
5.606011243348239109e-02
6.419088380605210420e-02
7.251250902322819991e-02
7.020504810408489949e-02
5.860464482045130152e-02
5.098508768911422240e-02
5.265150510273503004e-02
5.136860046377330485e-02
5.094282188775981629e-02
5.418866052378467496e-02
5.983502914589935301e-02
5.889333136414229980e-02
6.397171857934404182e-02
8.645848236683942312e-02
1.839094404636876512e-01
1.670229330249292377e-01
2.354177774678808399e-01
3.682636800185885018e-01
3.374454817077863766e-01
2.985401873945672802e-01
1.598874217385730934e-01
9.759930006099343247e-02
1.180604637970695397e-01
1.025567083031078408e-01
1.035648133919849639e-01
1.017677773231885213e-01
7.694937067830028010e-02
8.008921671151204846e-02
5.834172361069895479e-02
5.799772201098540858e-02
5.930661838044686690e-02
8.258807295803598236e-02
6.597485797457713907e-02
7.189735272892239237e-02
7.077800477751867991e-02
7.574838204748995940e-02
1.196128057830417590e-01
1.210962970162245134e-01
1.142024042111380727e-01
9.181916174493026661e-02
1.457431287241786333e-01
1.554571499022452952e-01
1.179196710821608512e-01
8.023213340750569300e-02
7.293409575924521271e-02
7.450415519033150302e-02
7.476774476705902450e-02
7.771766989683046023e-02
7.089254093362744313e-02
7.646130908576817542e-02
7.549551209843674560e-02
6.788783797501489470e-02
7.065371201489964448e-02
7.433115391750845513e-02
7.922637208565193323e-02
1.125677819531599733e-01
1.122971804556162911e-01
9.124009114293361866e-02
1.031005534470778168e-01
1.223158160425979746e-01
1.375569425179835603e-01
1.796393594933100024e-01
2.267893404636043830e-01
1.602910509936404104e-01
8.871155270500755141e-02
8.062071764709298483e-02
5.937756299292828305e-02
5.919773428765384010e-02
5.702102505372104446e-02
5.711538991637436780e-02
6.041288938443552248e-02
6.380113732291860240e-02
6.638386571263475699e-02
8.144040190531968981e-02
9.609550303279025540e-02
7.996266065864350570e-02
7.541845341316921747e-02
9.918843040678937406e-02
1.237955776757931475e-01
8.478020947880957059e-02
8.490202878722923063e-02
7.097260454360629356e-02
5.935968141208096405e-02
5.498382515472921561e-02
5.449019466935466072e-02
5.251974648795302431e-02
5.951846018559774076e-02
6.833961916909607470e-02
8.078390701223517323e-02
1.237797404814125202e-01
1.887467663216379488e-01
1.648639403117133084e-01
1.709489350989304435e-01
1.583440563117884392e-01
1.500273900774038716e-01
1.280980408629135425e-01
1.046672166295596479e-01
1.090641303901535575e-01
1.029925996658861836e-01
9.762848772045654155e-02
8.813408179414997101e-02
6.944113425270416473e-02
6.526182369127005167e-02
5.931662083397416796e-02
6.011984490958975635e-02
4.951134507378712746e-02
4.983521633779566112e-02
5.458420303855471972e-02
5.734178974567308296e-02
6.200051059307563200e-02
7.323497395032790847e-02
1.062759274431714779e-01
1.404531357191192431e-01
1.764387195169803690e-01
2.678453159591371313e-01
4.054724931587016523e-01
5.355694496670498905e-01
6.912359477173236622e-01
6.947467689141609837e-01
6.082873412979538097e-01
5.263758014717242473e-01
4.379730032347884383e-01
3.365505356121623048e-01
2.561541106158881642e-01
2.133652345329286881e-01
8.910728497534353698e-02
6.805260033797692898e-02
5.816808928723828098e-02
5.434061862024806150e-02
5.299547821524984437e-02
5.729566984120251782e-02
5.727784871243856574e-02
5.901031093694558693e-02
6.256527190620941870e-02
6.204545321757234250e-02
6.854520871673550064e-02
9.121604587318825341e-02
1.028381585257064634e-01
1.121032863474386854e-01
1.120447203954277465e-01
1.043950673074403451e-01
1.194454757606478040e-01
1.478066528970364002e-01
2.047705302334379696e-01
1.798943827146686214e-01
1.850766750593971222e-01
1.912091885240917721e-01
1.586746150571718417e-01
1.401324708088742821e-01
1.177255495337389962e-01
1.314413164170928905e-01
9.346989405016997710e-02
7.881335032501235460e-02
6.920760056461615350e-02
6.882934874054000285e-02
6.326648168721037135e-02
6.880384077839968304e-02
7.830960740950121401e-02
1.010093510393757221e-01
1.365252440122491362e-01
1.909387274919627231e-01
2.483700380103244232e-01
2.351481414714987894e-01
2.123536797101908957e-01
1.481603333385828891e-01
9.066673338644527791e-02
7.581274850106978214e-02
7.022810038712691549e-02
7.809197218531278850e-02
8.946454394002036070e-02
6.781751613552111646e-02
5.328294917256402863e-02
5.405999173793619300e-02
5.103932219849486446e-02
5.300877490068370279e-02
5.588129304839336425e-02
4.953502466558173944e-02
5.046997749087756002e-02
5.384731455240092390e-02
6.589982755770622258e-02
7.612297842998580477e-02
1.136138973707937344e-01
1.235730532080787786e-01
1.051044944453098373e-01
8.392587351999233891e-02
7.804519100619017324e-02
5.790246202925639768e-02
5.608325074384861580e-02
6.586007623687573087e-02
5.551475864789807979e-02
5.895386904292379548e-02
5.181111347473809497e-02
5.742807860480431820e-02
9.333041522595943162e-02
1.811338528719852459e-01
2.292694608470202122e-01
2.560102537009015800e-01
1.460244209384740643e-01
1.053352859251708712e-01
1.321574162969739175e-01
1.135610158876147191e-01
1.385051212764050466e-01
1.482240680488777218e-01
1.065633324136598392e-01
7.817216805278535963e-02
7.749484399851493122e-02
7.177660837916950698e-02
6.044058883437381652e-02
6.035076438927507170e-02
7.549413231286174197e-02
7.273968383776292790e-02
8.492616565747714008e-02
1.703509704257654134e-01
1.681955300479920645e-01
1.650623747711881251e-01
1.154576209679696042e-01
9.210299799454593761e-02
1.349913432795476209e-01
1.647869471642980921e-01
1.429314785205950955e-01
1.271810885976173700e-01
2.060052683134988849e-01
2.518110444030073336e-01
2.373125905319816709e-01
2.208652050506899889e-01
2.454198544289289130e-01
2.635018579947144834e-01
