1.060234017505097714e+00
9.437854297985320828e-01
8.223064456910209596e-01
7.260441834007073103e-01
6.124418658636099355e-01
4.373363533225885225e-01
2.404818364697737521e-01
1.057593681208076203e-01
6.474570194545856139e-02
6.336237325288787692e-02
6.959048126725243810e-02
7.801782101230340938e-02
1.193614909731934848e-01
1.666675764949124838e-01
1.730237675034668465e-01
2.450704319202186010e-01
2.963069235923285194e-01
3.163613316881505599e-01
3.377990428633198539e-01
2.921897058740263176e-01
2.533984441238245067e-01
2.326011099870065046e-01
3.048695770069145827e-01
2.470843752173789154e-01
1.342915256715311034e-01
1.372792439530189923e-01
1.550441989023815526e-01
1.600184086700066344e-01
1.645384094477449211e-01
1.446615122449644575e-01
1.400638195079523252e-01
2.638058756719844355e-01
3.359743293765165006e-01
4.485923077737178355e-01
6.479507661176888700e-01
8.541119291404376535e-01
5.540730807030473659e-02
6.876250552101299818e-02
8.464892961036003804e-02
7.868142475554507076e-02
7.783558894394003447e-02
7.514376276849471514e-02
7.183541284134126181e-02
9.628987860962463785e-02
1.013889502770457252e-01
9.076469903448318444e-02
8.268754576482104102e-02
6.464082045383794106e-02
5.382542910974009304e-02
4.909131723613164439e-02
5.131469216351139395e-02
4.950241761131706636e-02
5.375304315513215747e-02
5.410016356494595779e-02
6.480516783275876158e-02
8.038719319691492449e-02
1.134791267459846625e-01
1.408810126198590251e-01
1.305109400347342630e-01
1.007786185460719935e-01
9.385455757988327152e-02
7.358200543228962665e-02
6.405608771262005785e-02
5.382864942142943920e-02
5.030057967289926907e-02
4.597691429347144226e-02
4.769160125815033457e-02
4.748882925287371132e-02
5.688997914011306722e-02
6.508371449585621804e-02
7.680834254412081952e-02
6.695841668849172867e-02
5.535052321272017350e-02
4.953500977695993179e-02
5.339483402709713222e-02
5.449906710604950771e-02
5.927336593428525480e-02
6.197992110447694825e-02
6.801257342611709278e-02
6.886036285668196977e-02
6.860712915861381933e-02
7.883250731128862987e-02
9.292748887426455218e-02
1.402980182880245730e-01
1.664595351893929376e-01
1.718541961841308918e-01
1.767231569963313986e-01
1.239052106277339915e-01
1.062298923988088117e-01
8.889320189290875196e-02
9.306975212046943169e-02
8.433346778748339323e-02
9.153230824221815498e-02
8.420590695209570486e-02
7.352752958873209899e-02
7.458581106946968187e-02
5.494997836278293218e-02
5.463746595100174575e-02
5.880680535826880717e-02
7.235456520129707192e-02
6.408510938679271018e-02
6.658638023436057318e-02
6.974220981642412220e-02
6.959087155868128038e-02
8.972989729055437513e-02
7.799479384042845576e-02
7.711366107009064164e-02
7.561885789881962749e-02
1.048051402920707198e-01
1.070026877948049571e-01
8.486865138719508483e-02
7.255122197158578312e-02
7.004172471237123110e-02
7.080320739377626849e-02
6.819335196302586666e-02
7.073737947838293350e-02
6.696980994698982503e-02
7.099118202146438572e-02
6.761974648537284749e-02
6.332648845960905937e-02
6.400769139803019758e-02
6.891593301083506762e-02
7.813024201163640270e-02
1.164791717902282364e-01
1.126209798724104316e-01
9.002989208994179038e-02
9.992113894861819057e-02
1.094687433093061019e-01
1.377263052443141733e-01
2.312606733178762808e-01
1.593899502791816525e-01
1.171685765971272469e-01
1.016551200271505057e-01
9.331781240110659237e-02
7.246752202226093564e-02
6.066319974837246914e-02
5.857134988493734734e-02
5.574517938274180934e-02
5.804183030316503039e-02
5.937364050663997139e-02
6.163225495691536382e-02
7.656627461996363959e-02
9.400241410422327526e-02
1.009897703523496143e-01
1.135592494031199551e-01
1.418669334504719104e-01
1.720593045925590259e-01
1.084470119207129185e-01
1.016733409587722292e-01
7.662773846809244060e-02
6.093682892258691502e-02
5.703521764880093575e-02
5.372641822359572328e-02
5.011515365124885601e-02
5.598367126005498323e-02
6.522253354352265664e-02
8.126713310944422286e-02
1.438831160151139710e-01
2.119856136407020364e-01
2.202532278424086942e-01
2.337598907499691125e-01
2.235018700984401085e-01
2.125198979654611131e-01
1.948297722031177293e-01
1.626931844473670785e-01
1.152964292663155310e-01
1.282443708407653704e-01
1.510250053669714154e-01
1.273936156201763981e-01
8.576434971269020213e-02
6.165498337602286910e-02
5.885783456721293411e-02
6.120964620526914146e-02
5.215681697658423877e-02
5.218052325184117241e-02
5.355115437835029912e-02
5.304142092727508195e-02
6.057830837282021652e-02
7.869715101036656169e-02
9.166724557404794249e-02
1.352052115073601735e-01
2.069000881690846450e-01
2.955597344710964025e-01
4.600820239370366771e-01
5.471826813037397041e-01
6.667335252932763412e-01
7.156636725358497264e-01
6.823269583747956224e-01
6.018767847844772589e-01
5.135995445748564592e-01
4.118931852965644902e-01
2.999381121060643030e-01
2.109145473623441069e-01
8.632809671945237961e-02
6.425175930835473614e-02
5.486293567998144771e-02
5.260505555664005822e-02
5.299922208395049794e-02
5.626636317986333929e-02
5.362058593794108430e-02
5.564364208770986031e-02
6.130643027900652131e-02
6.621729090092566550e-02
7.765415537290767944e-02
1.126164978408470130e-01
1.511440664022036529e-01
1.470860518221391300e-01
1.204376935892969291e-01
1.480880343510870834e-01
1.888263569166292177e-01
2.134321009566040039e-01
2.613910541757789585e-01
2.445591238107106546e-01
2.871438861061210157e-01
2.919960937238715859e-01
2.865758584672651876e-01
2.822976667566524656e-01
2.466794221346553517e-01
2.220946975672764834e-01
1.616217024629775789e-01
1.362856622623276892e-01
1.011650395856938389e-01
8.363130362662692108e-02
6.850917960704015763e-02
7.081556365076664694e-02
8.057060453076621276e-02
1.054658043570136372e-01
1.477149188999709595e-01
2.104253968898478766e-01
2.494953402464412662e-01
2.121496422413316207e-01
1.675570463141769773e-01
1.180408771639749610e-01
9.546364808380596034e-02
8.012539001465140975e-02
7.926501438139535449e-02
8.471626226866620091e-02
1.002608779751292117e-01
7.209496741223950234e-02
5.584093063059932666e-02
5.577829014381121414e-02
5.626835095625192656e-02
5.766358566138707342e-02
5.761790783448021008e-02
4.875476833400743670e-02
4.908747840222261322e-02
5.285775208582375873e-02
6.166484493279730111e-02
7.169475957003194899e-02
1.167021877891139814e-01
1.185522819463526861e-01
1.080686946966488565e-01
8.578841827403591025e-02
7.003362011760740080e-02
5.219639940961565139e-02
5.116555900907306109e-02
6.191526024078065904e-02
5.640475132184954304e-02
6.055387812321948171e-02
5.435830888308526565e-02
6.428269844852671500e-02
1.027117073376679485e-01
1.836349155976675918e-01
2.463519974358336639e-01
3.276645876979231709e-01
1.964218992373304717e-01
1.162778234512604758e-01
1.222844434399644881e-01
1.150880320752471764e-01
1.318814470062151245e-01
1.519684801046338740e-01
1.235872262421743029e-01
9.107397539440466316e-02
1.058561346367529882e-01
1.101715304118139754e-01
1.110043537557621057e-01
1.286280615676697880e-01
1.328156525361139373e-01
1.149611432316371834e-01
1.145630231763149487e-01
1.658480588167411951e-01
1.624767110715409635e-01
1.555823313117728479e-01
1.220041733325007011e-01
1.027466841485194932e-01
1.250842587112533100e-01
1.484379769729178844e-01
1.316590352482502335e-01
1.135477522499482306e-01
1.793967552682635691e-01
2.197778197158723745e-01
2.071626116273156126e-01
1.944419473735991555e-01
2.236789560746048344e-01
2.647665540150417329e-01
